CatBoost: 0.25192 (+/- 0.00612)
Ensemble: 0.25054 (+/- 0.00682)
LightGBM: 0.24933 (+/- 0.00681)
XGBoost: 0.24882 (+/- 0.00583)
ALS: 0.18441 (+/- 0.00448)
Content: 0.15752 (+/- 0.00556)
LightGCN: 0.14472 (+/- 0.00421)
SASRec: 0.03894 (+/- 0.00315)
Transition: 0.00284 (+/- 0.00109)
